208.2382 -208.2382
1 30.5906295451919
2 -26.9881685775783
3 -7.12792281715762
4 0
5 14.5425397583805
6 -11.0170779088365
7 7.27641136953318
8 -14.2439050157511
9 -20.8316705563025
10 -5.54517744447956
11 0
12 29.818879797456
13 30.0957656736238
14 12.2017214952906
15 -4.1134329924875
16 -44.9770830439425
17 -21.6395565688206
18 54.5580462430425
19 -55.9443406041624
20 29.818879797456
21 7.12792281715762
22 0
23 -7.12792281715762
24 94.6183023546735
25 -26.7856030825217
26 13.2519698199835
27 -110.903548889591
28 36.9468026146136
29 -3.60246096761364
30 114.210836517557
31 -79.5522441906745
32 70.2253400957197
33 -18.3320162326532
34 -109.145701021581
35 5.88497551807036
36 13.1833474640173
37 141.480932242208
38 24.3013382317429
39 -52.7222460723511
40 67.5465672192063
41 -90.529213581313
42 -106.274886793562
43 143.360752924514
44 -9.42694580334401
45 43.1440164428633
46 -14.5816903689223
47 -33.2386000394422
48 -27.4941546706624
49 4.51150830855565
50 -119.896257836949
51 19.775021196026
52 95.6097283323679
53 -51.449778336202
54 102.569372700212
55 0
56 -152.882972849016
57 3.01416129005149
58 126.243371865618
59 -78.9439330068643
60 136.588136076749
61 -115.812597280382
62 101.10713853502
63 -180.272471079099
64 -2.24934057847523
65 2.24934057847523
66 35.0755755720536
67 145.196895507046
68 -137.653021674623
69 58.2889764900839
70 -46.5389578679597
71 -58.5283511099599
72 12.2350766822673
73 172.196277480192
74 -24.0860435487556
75 33.8695452965841
76 128.210458243816
77 -67.9292766424276
78 -144.978782983204
79 -13.2519698199835
80 -89.6043895074372
81 -2.50201211769094
82 105.358371445112
83 114.516145791577
84 -118.966091342129
85 27.1503594287968
86 -103.78508297038
87 180.606591620806
88 -19.7262768108418
89 -43.1440164428633
90 -54.2534518796517
91 -21.1853593185352
92 -66.5711895218909
93 35.0755755720536
94 130.679059023131
95 -14.3176880717629
96 -18.7538498982988
97 -53.5177640810441
98 -84.7105099885585
99 5.54517744447956
100 2.50201211769094
101 163.252622477494
102 9.65712524070838
103 -14.4525933879693
104 0
105 -28.2760698228008
106 4.65063012945353
107 -142.878904199056
108 3.29583686600433
109 148.960617868872
110 23.8610495036218
111 -37.8892301688957
112 18.7538498982988
113 -156.982123967901
114 3.29583686600433
115 423.773872667376
116 39.0574626675869
117 11.2499135866854
118 -39.1996594067403
119 0
120 -430.130236818742
121 2.70336725319783
122 399.737658277665
123 -169.913505902596
124 219.942309408372
125 -209.753712884237
126 -249.377011353452
127 35.5605082534937
128 -28.8996130524431
129 8.58834277126818
130 307.176076181785
131 -10.6080693113908
132 -87.7838445226641
133 82.5002658879876
134 0
135 -169.691686499553
136 -136.841979708483
137 6.66089520105061
138 331.776098919618
139 -5.35027099905449
140 159.851526493145
141 -186.404583406723
142 -169.691686499553
143 -132.683096625123
144 160.959166447924
145 136.14592737753
146 -102.127164000993
147 -57.6442030698844
148 -58.1683942104977
149 -54.8916301911025
150 3.52546184954397
151 51.3661683415585
152 115.812597280382
153 -76.0859251168111
154 37.2944228226937
155 -37.2944228226937
156 -83.8164291355963
157 -40.6207530165332
158 0
159 1.38629436111989
160 35.5605082534937
161 87.4903795375158
162 -13.5336332625382
163 -50.9889034185114
164 -46.2932744276926
165 -8.07619359890763
166 -5.54517744447956
167 10.7505568153683
168 150.981048159455
169 -14.1764268102657
170 33.4017591158153
171 -38.0780330813166
172 23.6254396933473
173 -165.118049531284
174 209.039177057143
175 -81.4187896338425
176 -65.0717105922281
177 181.725702541134
178 -160.950163744767
179 -84.7105099885585
180 0
181 76.2732919283507
182 -39.3264893137371
183 101.281471454989
184 -134.932437203598
185 68.8205301003661
186 -45.7395189655884
187 -20.8316705563025
188 -2.24934057847523
189 44.8687899829513
190 123.135185190709
191 -82.3122166575475
192 -69.2125741860909
193 -9.02446438065764
194 132.128347383688
195 133.638308774688
196 -51.0975182925757
197 -132.117968396263
198 152.35894744842
199 -134.757124843735
200 -110.903548889591
201 3.29583686600433
202 16.4791843300216
203 36.1693194081364
204 -42.3229695607752
205 26.999381973146
206 -20.8457318205072
207 0
208 -11.7278316338555
209 -8.0471895621705
210 36.9468026146136
211 -36.9468026146136
212 5.54517744447956
213 58.3897937477123
214 -30.5906295451919
215 -13.569320450974
216 6.6018268047561
217 0
218 0
219 -55.6432537351169
220 7.27641136953318
221 23.3142181756587
222 -37.5581231914098
223 -26.3768480007821
224 8.0471895621705
225 18.3296584386116
226 58.3336619877765
227 -76.663320426388
228 68.2261023661802
229 61.954982141252
230 -22.8435245412088
231 75.3144450790269
232 0
233 -84.2455912683812
234 -105.06730897792
235 12.2350766822673
236 148.110233931436
237 14.3858992636752
238 -4.81769219883401
239 4.81769219883401
240 59.3881903731939
241 -221.884323568305
242 148.110233931436
243 -37.2944228226937
244 46.8626298875349
245 -95.0265201113137
246 -65.5227351129824
247 12.2752941145721
248 101.411331222189
249 157.277223347065
250 -148.110442731358
251 13.9512153967212
252 18.949165727846
253 -60.050740553364
254 -69.5068007244259
255 7.41461694122287
256 -17.9845715550544
257 3.44203179667393
258 10.8018732190772
259 140.33618426384
260 -172.909747718202
261 0
262 40.1174372867852
263 -31.529094515517
264 -8.58834277126818
265 2.70336725319783
266 37.4140700335873
267 -7.54387383242251
268 -20.8457318205072
269 215.730673415666
270 180.498854476819
271 89.665623440904
272 -416.682577147299
273 -62.6107473813348
274 10.5699546138315
275 -36.9468026146136
276 48.1646268489557
277 -7.54387383242251
278 -26.999381973146
279 6.15365015263878
280 3.25082973391448
281 36.8887945411394
282 -40.1396242750538
283 40.1396242750538
284 -40.1396242750538
285 56.4982707323247
286 -62.6519208849635
287 -12.2350766822673
288 46.7783324878358
289 -11.217824234342
290 3.67395040191953
291 3.74066653930334
292 3.80320729311917
293 -28.3896056529297
294 17.1717814185876
295 -28.8996130524431
296 21.7716902352855
297 -6.79302886751555
298 3.35099707084162
299 17.9845715550544
300 -33.6108627404682
301 -10.7505568153683
302 261.017487762667
303 -118.13858356361
304 28.4209078406082
305 -19.0433573047877
306 -63.2688593527597
307 -80.9404058199464
308 -2.50201211769094
309 235.029531745958
310 -20.1713840026515
311 -34.5856766642071
312 -61.3804663714493
313 -26.7856030825217
314 78.4659251688906
315 -165.36694742313
316 2.87081422801886
317 196.804100374875
318 20.0284508483069
319 25.4284096062264
320 -158.230752803188
321 -8.66398368749086
322 161.775710332455
323 -249.377011353452
324 12.2350766822673
325 23.3254315712264
326 129.55754127779
327 -32.9003811245672
328 -4.59728098341634
329 -22.5530784453804
330 27.1503594287968
331 -133.603962767836
332 36.9468026146136
333 -28.8996130524431
334 8.58834277126818
335 3.13948886258729
336 -9.02446438065764
337 -10.7505568153683
338 5.54517744447956
339 8.07619359890763
340 19.7229706036128
341 -13.569320450974
342 -3.13948886258729
343 35.3911593086923
344 -3.86206479317529
345 -44.8687899829513
346 -1.90954250488444
347 0
348 -1.38629436111989
349 40.6207530165332
350 -23.9852206830945
351 16.7088093135613
352 -6.9674936462179
353 45.7395189655884
354 -55.4808346329318
355 35.3911593086923
356 -15.0798890275173
357 -3.60246096761364
358 -25.2971520848295
359 -8.0471895621705
360 1.38629436111989
361 9.36426245424844
362 33.6108627404682
363 0
364 11.5829210483259
365 -7.77971375520671
366 -3.80320729311917
367 -21.335568625896
368 -3.25082973391448
369 17.1717814185876
370 -17.1717814185876
371 -19.775021196026
372 40.6207530165332
373 -3.67395040191953
374 -17.1717814185876
375 -3.13948886258729
376 -11.0903548889591
377 0
378 -2.24934057847523
379 168.00397517366
380 -33.0715379700617
381 72.1971973486598
382 -99.5219225286712
383 0
384 0
385 142.878904199056
386 28.4209078406082
387 14.5178364839144
388 0
389 -185.817648523579
390 176.117504238498
391 -172.821667372494
392 -1.90954250488444
393 214.018844153351
394 71.5213854375044
395 -41.2658502186492
396 -64.7037364529533
397 14.6442129910345
398 0
399 0
400 156.186427530344
401 210.457006128015
402 -210.457006128015
403 -4.74948100692171
404 33.7170706395192
405 -57.0952318395844
406 -130.308125901832
407 7.454719949364
408 334.435823529526
409 0
410 0
411 0
412 0
413 0
414 0
415 0
416 0
417 0
418 0
419 0
420 0
421 0
422 0
423 0
424 0
425 0
426 0
427 0
428 0
429 44.3614195558365
430 0
431 -11.0170779088365
432 -33.344341647
433 63.9349711921919
434 20.7755387963666
435 -71.0891389451713
436 -2.87081422801886
437 33.6108627404682
438 -24.5863983598105
439 20.8457318205072
440 3.74066653930334
441 19.5735516363554
442 -26.9881685775783
443 31.0561313592693
444 -38.1840541764269
445 10.8018732190772
446 0
447 -17.5949020865927
448 10.3184907170595
449 -19.7229706036128
450 -13.6213710433872
451 23.0258509299405
452 32.9184896742219
453 220.572872369582
454 -61.1120744592733
455 -215.405138514471
456 1.38629436111989
457 160.345310613703
458 4.77273891758031
459 -18.949165727846
460 57.9094952016767
461 -90.0799238378404
462 145.632738234273
463 -89.7176757230022
464 473.230041741736
465 -444.00674651246
466 50.2401984456314
467 -126.326123562443
468 -123.05088779101
469 -1.38629436111989
470 281.714405499195
471 -66.3092669847239
472 -48.9007946220673
473 -14.2478891575269
474 -71.7845591131716
475 71.7845591131716
476 -152.256454734877
477 19.775021196026
478 261.939384303169
479 -161.818147662245
480 18.3320162326532
481 -130.181084507432
482 -8.0471895621705
483 0
484 23.0258509299405
485 0
486 0
487 0
488 0
489 0
490 0
491 0
492 0
493 0
494 0
495 27.7991642025204
496 11.0170779088365
497 27.754947410534
498 -27.754947410534
499 31.9118723725142
500 0
501 0
502 76.2732919283507
503 -28.108665079395
504 3.86206479317529
505 3.91764896203141
506 3.97030486691744
507 24.7958645174787
508 -84.7105099885585
509 48.1646268489557
510 32.3072687727493
511 4.23861436685351
512 -8.43721806020784
513 -28.108665079395
514 3.86206479317529
515 -50.6403972810111
516 42.9751251947166
517 27.754947410534
518 -12.2017214952906
519 -22.9678428564662
520 7.41461694122287
521 -41.0655826898322
522 90.0058894189014
523 40.3022364829306
524 -27.1503594287968
525 -83.4277524090991
526 32.9184896742219
527 -52.648503738158
528 2.24934057847523
529 105.358371445112
530 18.1031328948287
531 61.6925128230008
532 -97.397468322515
533 35.7049554995143
534 -48.5347861627149
535 -79.0856012605851
536 9.36426245424844
537 109.145701021581
538 -30.9086624548326
539 13.0483260677478
540 -50.0092298077337
541 -7.66527208629446
542 -44.3614195558365
543 0
544 0
545 255.882331872796
546 15.4528406704207
547 -90.3782352628436
548 74.9253945924229
549 -144.978782983204
550 -8.86762743972659
551 0
552 4.41768188917487
553 -4.41768188917487
554 -25.762629521514
555 -12.3383207361588
556 -4.02032572111207
557 24.7958645174787
558 0
559 -32.6838183464276
560 -38.4053205987438
561 38.4053205987438
562 20.0896753242395
563 4.15692496198024
564 -4.15692496198024
565 12.5941430221881
566 -84.7105099885585
567 23.0258509299405
568 101.411331222189
569 -13.5336332625382
570 -62.7389220406356
571 15.7703443432362
572 33.7166078774159
573 13.2519698199835
574 -4.44994555055172
575 -21.743093350481
576 -84.7105099885585
577 110.903548889591
578 55.6007950028122
579 120.422180059572
580 -139.371345787418
581 -13.9512153967212
582 -119.982591724449
583 0
584 62.6519208849635
585 34.6302569612406
586 18.1031328948287
587 -13.6219322560261
588 -4.48120063880259
589 -110.903548889591
590 10.7505568153683
591 118.256124969052
592 221.555448989491
593 -207.683226574854
594 -45.2273251294484
595 -86.9010222542394
596 45.1937837887941
597 -7.77971375520671
598 -14.8202852019557
599 34.658592326883
600 0
601 -4.06796278169107
602 -63.9349711921919
603 8.0471895621705
604 36.314229993666
605 136.595517724536
606 -33.4017591158153
607 -49.9035990949497
608 -12.9410690810492
609 4.27708539355837
610 -80.9404058199464
611 172.909747718202
612 -83.305358210765
613 49.9035990949497
614 -75.438811198187
615 21.1853593185352
616 -85.2545367227352
617 197.417483804064
618 -90.0799238378404
619 0
620 90.0799238378404
621 -53.2082186313576
622 -67.5459447463181
623 35.185747848391
624 -118.50996347583
625 -1.38629436111989
626 88.9875953821169
627 -12.7143034537662
628 61.954982141252
629 28.2760698228008
630 -149.868811558965
631 154.664279706226
632 44.1053264748064
633 -151.470167322279
634 -19.5735516363554
635 27.754947410534
636 -72.1163669663704
637 1.38629436111989
638 275.130918612624
639 -170.063609634705
640 99.0110700271947
641 -53.2082186313576
642 187.566833746912
643 -206.219325713952
644 -73.6893172967565
645 -49.1640886557115
646 146.231567152533
647 145.668147302032
648 -121.693333989561
649 -96.2464272918142
650 17.3254114613061
651 45.5192567146928
652 -67.0832825428524
653 -36.1104760658685
654 71.0233299725573
655 41.5973744395076
656 -54.9462025180368
657 -21.5640258281596
658 -60.696874425679
659 123.10388300303
660 -36.4253008600167
661 -42.5186321468477
662 12.3383207361588
663 -8.27035795446774
664 -68.0029339738829
665 3.29583686600433
666 85.6917585161126
667 0
668 0
669 17.4660079569226
670 -21.743093350481
671 17.3254114613061
672 -98.7400845838603
673 112.08891266239
674 -8.93114618935431
675 8.93114618935431
676 9.05243262373563
677 4.56949963229049
678 -125.710844918416
679 2.24934057847523
680 123.46150433994
681 4.59728098341634
682 -13.7077049308868
683 4.54092431517998
684 152.080030821615
685 -224.490521331613
686 271.784916873092
687 -5.31079161811476
688 -57.4833291344419
689 -244.381955429228
690 -16.6355323334387
691 329.135733861761
692 -52.6185208880171
693 90.2465574733736
694 65.8545342549336
695 -299.014341934215
696 -125.556773205666
697 163.252622477494
698 141.903727164168
699 75.3304671191162
700 209.180907812076
701 -284.511374931192
702 -302.452982388464
703 0
704 5.88497551807036
705 9.74131566734339
706 135.354756974041
707 43.733068391411
708 35.1100358242033
709 -120.678451353488
710 -118.50996347583
711 0
712 123.05088779101
713 -4.54092431517998
714 0
715 -26.5945315520438
716 -82.5511694695374
717 78.2370385667486
718 106.61355488929
719 -75.7048924344578
720 -22.2446787673417
721 -97.6515790696077
722 142.878904199056
723 -137.333726754577
724 -5.54517744447956
725 171.299812039664
726 14.5178364839144
727 -56.8109667391588
728 -18.1031328948287
729 129.671160300846
730 -207.230367543437
731 -25.2971520848295
732 102.856359327421
733 104.50158962488
734 15.0487837520986
735 -124.00031892753
736 -25.9817077173345
737 21.5640258281596
738 0
739 -100.649627088745
740 28.4325854363361
741 90.0773780394935
742 340.62076076186
743 -235.097323917641
744 146.76891642167
745 -352.413589906812
746 -9.02446438065764
747 372.323310662433
748 -43.2505789960135
749 65.1595818479357
750 -91.7793311258913
751 -92.8002140160466
752 30.359980526786
753 -230.988284518546
754 6.6018268047561
755 530.797502370555
756 -275.459944872143
757 134.290143589317
758 27.7424158263164
759 33.6301208728244
760 -454.351234857712
761 49.09051603643
762 257.019366895391
763 -52.6185208880171
764 -15.4997252110775
765 89.5446430112439
766 -104.901457040584
767 -74.3608616936616
768 289.217206559145
769 -459.130724237689
770 9.36426245424844
771 460.996670139627
772 -163.82726638584
773 NA