210.5632 -210.5632
115 -423.773872667376
120 430.130236818742
122 -399.737658277665
124 -219.942309408372
126 249.377011353452
130 -307.176076181785
138 -331.776098919618
241 221.884323568305
269 -215.730673415666
272 416.682577147299
302 -261.017487762667
309 -235.029531745958
323 249.377011353452
393 -214.018844153351
408 -334.435823529526
409 346.186380344895
453 -220.572872369582
455 215.405138514471
464 -473.230041741736
465 444.00674651246
470 -281.714405499195
478 -261.939384303169
545 -255.882331872796
592 -221.555448989491
638 -275.130918612624
685 224.490521331613
686 -271.784916873092
689 244.381955429228
691 -329.135733861761
695 299.014341934215
701 284.511374931192
702 302.452982388464
742 -340.62076076186
743 235.097323917641
745 352.413589906812
747 -372.323310662433
753 230.988284518546
755 -530.797502370555
756 275.459944872143
760 454.351234857712
762 -257.019366895391
768 -289.217206559145
769 459.130724237689
771 -460.996670139627
Total Anomalies:  44