94.04839 -22.04839
1 26
2 29
3 12
4 14
5 16
6 21
7 18
8 14
9 15
10 5
11 2
12 13
13 18
14 17
15 27
16 28
17 12
18 21
19 20
20 13
21 20
22 20
23 14
24 39
25 48
26 45
27 31
28 15
29 25
30 47
31 50
32 46
33 46
34 40
35 14
36 10
37 47
38 73
39 55
40 48
41 57
42 29
43 41
44 58
45 65
46 47
47 55
48 42
49 47
50 35
51 8
52 34
53 40
54 63
55 58
56 47
57 15
58 37
59 46
60 52
61 47
62 42
63 52
64 7
65 7
66 15
67 53
68 49
69 34
70 29
71 18
72 9
73 51
74 63
75 65
76 87
77 67
78 76
79 41
80 30
81 5
82 34
83 60
84 63
85 66
86 43
87 57
88 72
89 57
90 42
91 45
92 25
93 19
94 50
95 75
96 56
97 44
98 27
99 5
100 7
101 44
102 64
103 55
104 56
105 44
106 45
107 38
108 4
109 42
110 59
111 52
112 64
113 43
114 4
115 95
116 115
117 130
118 123
119 110
120 99
121 9
122 87
123 104
124 117
125 95
126 61
127 14
128 15
129 13
130 79
131 100
132 93
133 76
134 88
135 88
136 40
137 5
138 75
139 107
140 133
141 132
142 78
143 42
144 40
145 77
146 80
147 72
148 49
149 32
150 21
151 35
152 61
153 68
154 48
155 56
156 40
157 16
158 0
159 1
160 12
161 29
162 35
163 32
164 25
165 9
166 3
167 5
168 41
169 53
170 51
171 66
172 55
173 44
174 55
175 75
176 43
177 71
178 70
179 25
180 2
181 25
182 28
183 44
184 39
185 24
186 28
187 11
188 5
189 16
190 56
191 56
192 32
193 15
194 37
195 101
196 66
197 72
198 82
199 72
200 33
201 2
202 12
203 26
204 16
205 16
206 18
207 16
208 8
209 6
210 15
211 15
212 5
213 21
214 28
215 22
216 16
217 11
218 27
219 36
220 12
221 28
222 24
223 12
224 6
225 14
226 35
227 31
228 27
229 52
230 33
231 54
232 64
233 54
234 29
235 9
236 42
237 45
238 45
239 49
240 60
241 57
242 44
243 54
244 48
245 57
246 26
247 16
248 45
249 70
250 68
251 43
252 52
253 71
254 39
255 22
256 23
257 15
258 19
259 60
260 52
261 6
262 18
263 17
264 11
265 7
266 15
267 32
268 12
269 59
270 106
271 104
272 133
273 26
274 25
275 15
276 16
277 16
278 20
279 14
280 13
281 20
282 23
283 23
284 23
285 23
286 27
287 7
288 19
289 13
290 13
291 21
292 21
293 16
294 19
295 19
296 17
297 10
298 15
299 19
300 22
301 7
302 62
303 62
304 42
305 62
306 50
307 24
308 9
309 61
310 88
311 81
312 63
313 36
314 47
315 44
316 7
317 52
318 62
319 75
320 65
321 40
322 76
323 59
324 9
325 17
326 42
327 39
328 43
329 47
330 58
331 36
332 15
333 15
334 9
335 7
336 15
337 7
338 5
339 5
340 16
341 20
342 15
343 22
344 21
345 16
346 1
347 0
348 1
349 14
350 9
351 13
352 16
353 16
354 31
355 22
356 26
357 27
358 18
359 6
360 3
361 8
362 12
363 22
364 27
365 28
366 23
367 14
368 9
369 13
370 19
371 10
372 16
373 25
374 21
375 13
376 8
377 8
378 7
379 48
380 49
381 51
382 57
383 32
384 1
385 40
386 58
387 69
388 72
389 49
390 47
391 45
392 5
393 56
394 96
395 100
396 77
397 67
398 50
399 4
400 43
401 97
402 107
403 59
404 77
405 60
406 34
407 9
408 81
409 79
410 0
411 0
412 1
413 1
414 0
415 0
416 1
417 1
418 2
419 2
420 0
421 0
422 0
423 1
424 0
425 1
426 0
427 0
428 1
429 17
430 16
431 23
432 14
433 22
434 29
435 27
436 11
437 14
438 19
439 22
440 29
441 25
442 25
443 22
444 22
445 19
446 20
447 21
448 9
449 10
450 8
451 11
452 25
453 75
454 92
455 53
456 3
457 45
458 45
459 56
460 64
461 59
462 68
463 70
464 135
465 155
466 76
467 86
468 37
469 3
470 68
471 81
472 88
473 65
474 58
475 52
476 42
477 10
478 66
479 81
480 50
481 43
482 6
483 0
484 11
485 10
486 0
487 1
488 2
489 1
490 0
491 0
492 4
493 4
494 4
495 17
496 19
497 29
498 25
499 32
500 24
501 1
502 23
503 25
504 17
505 17
506 29
507 34
508 27
509 18
510 18
511 37
512 34
513 21
514 17
515 20
516 18
517 25
518 23
519 26
520 24
521 19
522 31
523 55
524 46
525 37
526 25
527 22
528 5
529 34
530 50
531 75
532 63
533 54
534 33
535 23
536 6
537 38
538 49
539 45
540 36
541 24
542 17
543 2
544 2
545 61
546 81
547 92
548 83
549 70
550 60
551 48
552 37
553 29
554 38
555 41
556 31
557 34
558 38
559 28
560 25
561 23
562 29
563 33
564 35
565 37
566 27
567 11
568 45
569 49
570 29
571 30
572 48
573 37
574 39
575 41
576 27
577 33
578 54
579 92
580 82
581 57
582 30
583 0
584 25
585 32
586 36
587 33
588 47
589 31
590 7
591 42
592 82
593 77
594 54
595 33
596 21
597 30
598 18
599 15
600 38
601 31
602 20
603 6
604 21
605 47
606 51
607 41
608 43
609 47
610 28
611 48
612 44
613 45
614 43
615 27
616 33
617 57
618 61
619 48
620 49
621 77
622 55
623 42
624 34
625 3
626 26
627 33
628 48
629 78
630 46
631 43
632 69
633 63
634 29
635 33
636 22
637 3
638 64
639 81
640 59
641 43
642 107
643 87
644 47
645 26
646 42
647 87
648 62
649 67
650 42
651 54
652 59
653 41
654 47
655 65
656 58
657 45
658 34
659 42
660 58
661 34
662 31
663 36
664 23
665 4
666 28
667 32
668 36
669 38
670 41
671 48
672 29
673 34
674 34
675 36
676 40
677 47
678 37
679 7
680 40
681 41
682 41
683 51
684 97
685 80
686 85
687 83
688 95
689 57
690 9
691 77
692 80
693 75
694 102
695 96
696 38
697 44
698 86
699 116
700 119
701 119
702 75
703 6
704 8
705 13
706 48
707 47
708 65
709 55
710 32
711 2
712 35
713 53
714 44
715 40
716 34
717 27
718 47
719 56
720 43
721 30
722 40
723 41
724 5
725 46
726 71
727 64
728 44
729 69
730 64
731 18
732 37
733 62
734 65
735 66
736 44
737 45
738 56
739 28
740 12
741 38
742 122
743 104
744 100
745 87
746 9
747 84
748 72
749 80
750 117
751 74
752 64
753 58
754 18
755 118
756 106
757 109
758 127
759 146
760 107
761 27
762 89
763 102
764 89
765 85
766 100
767 71
768 121
769 100
770 8
771 98
772 94