76.52151 -18.52151
1 16
2 23
3 15
4 15
5 15
6 5
7 2
8 13
9 21
10 22
11 23
12 11
13 14
14 21
15 3
16 13
17 15
18 15
19 14
20 36
21 39
22 38
23 13
24 15
25 14
26 41
27 23
28 39
29 37
30 15
31 14
32 10
33 41
34 48
35 37
36 51
37 30
38 34
39 41
40 39
41 46
42 43
43 36
44 49
45 47
46 34
47 8
48 34
49 22
50 45
51 45
52 16
53 15
54 37
55 25
56 52
57 29
58 52
59 30
60 7
61 6
62 15
63 48
64 19
65 35
66 24
67 18
68 9
69 48
70 41
71 48
72 75
73 61
74 67
75 52
76 30
77 31
78 33
79 55
80 32
81 41
82 16
83 57
84 61
85 50
86 40
87 45
88 32
89 19
90 47
91 46
92 38
93 37
94 16
95 5
96 4
97 44
98 48
99 45
100 46
101 43
102 45
103 38
104 4
105 40
106 45
107 37
108 41
109 4
110 4
111 95
112 102
113 104
114 99
115 97
116 95
117 9
118 87
119 63
120 98
121 63
122 6
123 14
124 5
125 13
126 73
127 73
128 57
129 75
130 80
131 86
132 56
133 5
134 76
135 75
136 104
137 71
138 37
139 42
140 40
141 75
142 53
143 41
144 30
145 32
146 37
147 35
148 54
149 44
150 52
151 48
152 44
153 16
154 0
155 1
156 13
157 33
158 32
159 22
160 19
161 12
162 3
163 6
164 42
165 41
166 51
167 38
168 48
169 40
170 55
171 38
172 23
173 62
174 28
175 25
176 2
177 25
178 15
179 39
180 4
181 22
182 14
183 7
184 6
185 16
186 46
187 28
188 12
189 7
190 37
191 72
192 62
193 32
194 66
195 72
196 61
197 2
198 10
199 20
200 8
201 16
202 16
203 10
204 6
205 6
206 11
207 6
208 9
209 20
210 14
211 10
212 12
213 4
214 27
215 13
216 15
217 21
218 11
219 12
220 6
221 10
222 27
223 6
224 25
225 37
226 28
227 44
228 44
229 38
230 31
231 9
232 41
233 44
234 43
235 44
236 59
237 42
238 44
239 30
240 44
241 27
242 5
243 16
244 33
245 65
246 35
247 38
248 53
249 68
250 49
251 22
252 19
253 15
254 19
255 57
256 15
257 6
258 20
259 9
260 10
261 9
262 15
263 21
264 15
265 61
266 92
267 109
268 42
269 20
270 25
271 12
272 16
273 16
274 8
275 8
276 11
277 20
278 15
279 18
280 13
281 23
282 14
283 11
284 19
285 16
286 17
287 18
288 15
289 15
290 20
291 14
292 21
293 17
294 15
295 14
296 16
297 11
298 62
299 38
300 44
301 42
302 28
303 40
304 9
305 60
306 52
307 51
308 34
309 31
310 47
311 29
312 7
313 52
314 54
315 63
316 30
317 26
318 74
319 29
320 9
321 14
322 44
323 37
324 36
325 39
326 47
327 38
328 15
329 6
330 9
331 10
332 11
333 6
334 5
335 6
336 14
337 8
338 9
339 20
340 16
341 7
342 1
343 0
344 1
345 13
346 8
347 11
348 11
349 15
350 16
351 24
352 23
353 22
354 11
355 6
356 3
357 8
358 17
359 15
360 19
361 17
362 20
363 18
364 9
365 10
366 15
367 11
368 15
369 17
370 10
371 9
372 5
373 8
374 7
375 48
376 40
377 52
378 31
379 3
380 1
381 39
382 45
383 48
384 48
385 2
386 47
387 4
388 5
389 51
390 65
391 59
392 46
393 52
394 50
395 4
396 43
397 84
398 43
399 42
400 51
401 58
402 34
403 9
404 76
405 3
406 3
407 0
408 1
409 0
410 0
411 0
412 1
413 0
414 2
415 0
416 0
417 0
418 0
419 1
420 1
421 0
422 0
423 0
424 1
425 16
426 16
427 13
428 1
429 22
430 27
431 8
432 7
433 17
434 15
435 19
436 18
437 25
438 21
439 22
440 20
441 11
442 23
443 11
444 9
445 7
446 8
447 17
448 16
449 67
450 55
451 2
452 3
453 42
454 43
455 39
456 53
457 35
458 68
459 56
460 139
461 66
462 60
463 74
464 47
465 3
466 68
467 55
468 45
469 42
470 26
471 52
472 26
473 10
474 66
475 33
476 39
477 6
478 10
479 0
480 11
481 1
482 0
483 1
484 1
485 0
486 0
487 0
488 4
489 0
490 4
491 13
492 16
493 23
494 16
495 28
496 13
497 1
498 24
499 18
500 18
501 19
502 26
503 29
504 19
505 18
506 24
507 29
508 25
509 18
510 23
511 19
512 17
513 20
514 15
515 16
516 18
517 19
518 42
519 36
520 34
521 11
522 18
523 13
524 5
525 34
526 36
527 51
528 32
529 36
530 31
531 23
532 6
533 34
534 25
535 32
536 20
537 20
538 17
539 2
540 2
541 63
542 66
543 48
544 63
545 33
546 60
547 58
548 37
549 44
550 41
551 44
552 47
553 38
554 46
555 34
556 25
557 23
558 29
559 26
560 35
561 29
562 19
563 11
564 34
565 33
566 18
567 20
568 46
569 49
570 46
571 41
572 27
573 33
574 45
575 69
576 41
577 38
578 35
579 0
580 25
581 27
582 31
583 26
584 39
585 25
586 7
587 35
588 79
589 40
590 28
591 12
592 21
593 19
594 13
595 22
596 29
597 26
598 14
599 6
600 17
601 46
602 39
603 28
604 30
605 39
606 30
607 48
608 28
609 45
610 24
611 31
612 28
613 49
614 26
615 34
616 55
617 46
618 39
619 42
620 28
621 3
622 26
623 25
624 37
625 45
626 9
627 43
628 52
629 25
630 22
631 25
632 17
633 3
634 67
635 33
636 52
637 43
638 78
639 58
640 59
641 26
642 42
643 69
644 49
645 30
646 30
647 54
648 45
649 41
650 41
651 63
652 47
653 44
654 25
655 42
656 38
657 28
658 29
659 29
660 22
661 4
662 28
663 28
664 28
665 32
666 29
667 45
668 28
669 34
670 32
671 34
672 38
673 45
674 30
675 7
676 37
677 36
678 31
679 34
680 70
681 51
682 85
683 86
684 75
685 62
686 9
687 68
688 68
689 85
690 89
691 38
692 63
693 44
694 74
695 90
696 121
697 76
698 43
699 6
700 8
701 5
702 45
703 52
704 63
705 34
706 41
707 41
708 35
709 34
710 34
711 28
712 8
713 27
714 50
715 38
716 33
717 28
718 40
719 5
720 2
721 46
722 49
723 37
724 33
725 60
726 45
727 18
728 37
729 53
730 58
731 40
732 30
733 45
734 45
735 23
736 12
737 32
738 100
739 56
740 86
741 19
742 9
743 84
744 76
745 90
746 79
747 75
748 77
749 50
750 58
751 112
752 64
753 91
754 92
755 114
756 67
757 27
758 78
759 72
760 80
761 88
762 75
763 82
764 120
765 60
766 8
767 100
768 72