2.695994 -1.90634
1 0
2 0.445139639581787
3 0.390566732942471
4 0.411693484796309
5 0.273118400623215
6 0.261027368832596
7 0.269312613709396
8 0.279268628401608
9 0.312043985679173
10 1.12670148946284
11 0
12 0
13 0
14 0.547267640964852
15 0.0636353292587139
16 0.211932767696024
17 1.2028852632207
18 1.15680447834758
19 1.90631699390456
20 0
21 0
22 0.106133456072868
23 0.268637797410381
24 0.260694285737833
25 0.524860846041431
26 0.352281995063783
27 0.489733331989268
28 0
29 0
30 0.751579163332145
31 0.529758329224458
32 0.782689037008264
33 0.658620140528979
34 0.20313986323093
35 1.23398032110599
36 0.49153092712361
37 0.394827008108912
38 0.685163750396921
39 0.233908082139254
40 0.160507932284158
41 0.675129909434289
42 1.29231270440504
43 0.845681468722446
44 0.685763282335346
45 0.236975459943106
46 0.421285113912338
47 0.21997423189515
48 0.389588632779938
49 0.195964608487836
50 0.133940580283601
51 0
52 0
53 0.412565990244778
54 0.203820235709351
55 0.430310699896041
56 0.188351209173994
57 0.856933715899474
58 0.205564417375105
59 1.1794640637951
60 0.791863712965551
61 1.06502072439817
62 0.537780119238247
63 0.425387613149614
64 1.88317891301852
65 0.235702260395516
66 0.420084025208403
67 1.40516789756705
68 0.592223141828619
69 1.14025397659312
70 0.484251150389595
71 0.216827946965565
72 2.45059807588938
73 1.6583123951777
74 0.934234601714878
75 0.296390032382837
76 0.905187876347552
77 0.386525251267881
78 0.34777487516644
79 0.619508992725053
80 0.0686991029372159
81 0.93551235649411
82 0.196116135138183
83 1.18151920693104
84 1.14971530395439
85 1.37196766204629
86 0.128554669596716
87 0.337048241000255
88 0.619831138206369
89 0.156025041804639
90 0.237750034775116
91 0.184602807417936
92 0.342633461672163
93 1.14242769367125
94 0.654653670707977
95 0.464468396142228
96 0.0655343355153405
97 0.251501093014891
98 0.319533354297869
99 0
100 0
101 0.242535625036333
102 3.83712484561605
103 1.04788777974233
104 0.0162272972293694
105 0.103381863448688
106 0.131232402808958
107 0.138980233324431
108 0
109 0
110 1.96841580858106
111 0.258044260920645
112 0.316762287363308
113 0.473861501287063
114 0
115 0
116 5.00310313507036
117 0.127579472235208
118 0.0319226741845232
119 0.0987605688721832
120 0.0766412955618291
121 4.07997197795188
122 0.242535625036333
123 3.05491317432065
124 0.755765783486762
125 0.816538904373393
126 0.51544152616842
127 4.15502332033787
128 3.278719262151
129 1.12546286774228
130 0.321633760451338
131 2.2017705807992
132 0.353779544062585
133 0.506777793297805
134 0.304072243210679
135 0.119654444345531
136 0.351124535846757
137 4.09832569468707
138 0.790569415042095
139 2.90152814277504
140 0.25734224865746
141 0.360311799860249
142 0.479257783275542
143 0.966638395239839
144 1.27971387469241
145 1.57777279390268
146 0.359635604923528
147 0.274839154239045
148 0.230096725014322
149 0.216341156258182
150 0.944431658701564
151 0.803482646638154
152 0.424416050072244
153 1.185045073212
154 0.643240807488918
155 0.0498591396547216
156 0.183343832662646
157 0.858328527817439
158 0
159 0
160 0
161 1.90162143003339
162 0.228140528619035
163 0.127949478205472
164 0.0948737616808951
165 0.859701370145052
166 0.899735410842437
167 0
168 0
169 1.25903908377277
170 0.180325611648021
171 0.118858470220811
172 0.168300169526387
173 0.261693046919449
174 3.23577708634356
175 6.38374791734084
176 1.47408090780117
177 0.153837237826244
178 1.84272301822231
179 0.824303921948182
180 0
181 0
182 0
183 0.251572314923469
184 0.452382230231014
185 1.95583577298463
186 1.52114510287023
187 0.431753148312803
188 0.64888568452305
189 0.267261241912424
190 0.925820099772551
191 2.09008174564887
192 0.916483771319087
193 0.912514804162964
194 0.522302859637229
195 2.16691537341954
196 0.455573556572251
197 0.36221742553535
198 0.443412699154156
199 0.65383472386268
200 1.14969814936961
201 0
202 0
203 0.654653670707977
204 0.919464522329558
205 0.711574447160146
206 0.312000591311534
207 0.763135586716918
208 0.164612301373634
209 0.216575380162546
210 0
211 0
212 0
213 0
214 1.73827438757572
215 0.169415925201217
216 0.640746673264997
217 0.169625038868049
218 0
219 1.84822718064055
220 2.04837356250371
221 0.365968966908177
222 1.06564046278113
223 0.761670951760395
224 0
225 0
226 0.353553390593274
227 1.58951471238862
228 1.12527149311949
229 1.42240353702512
230 0.546850141820825
231 0.220222523336939
232 0.450037509007293
233 0.24506147740051
234 0.649310026835719
235 2.55648931295331
236 1.18321595661992
237 1.02715246165034
238 0.762359129316926
239 0.0644655522058184
240 0.847891706349231
241 0.480936684809415
242 1.38747277879202
243 1.87581280913175
244 0.814354373239108
245 0.129324637258764
246 0.178784063968142
247 0.81622525593376
248 0.307235372364774
249 0.592947244828557
250 0.929958773764774
251 0.969255137700559
252 0.0233723315191367
253 0.179342110747602
254 0.932376709267896
255 1.70099390288469
256 0.121260643861507
257 0.256977879433842
258 0.171498585142509
259 0.397860676591623
260 1.46706564336157
261 3.81938709837089
262 0
263 1.27052860136311
264 1.04018698892887
265 0.244133650616452
266 0.100461545248684
267 1.10688824890921
268 0.384941307841348
269 0.38952930760272
270 0.885809238631302
271 1.04778848704739
272 1.07582083603798
273 4.38349976875152
274 0.483383190646377
275 0.220305342875044
276 0
277 0
278 0.324147428212869
279 0.607666463013558
280 0.185695338177052
281 0.554185315795488
282 0.76324001665473
283 0.90562793188603
284 0.539363568840949
285 0.549500435325053
286 1.09819608637575
287 1.85544781917212
288 0.935414346693485
289 2.01043672063728
290 0.0730901766410447
291 0.133559094591106
292 0.120992324806778
293 0.0866135773086923
294 0.436266889996632
295 0.628767713237013
296 1.35707339297569
297 0.615408196839395
298 0.128803644120341
299 0.304313905177201
300 0.66844552995145
301 0.940361821177179
302 0
303 0
304 1.00074513442878
305 0.421501772251816
306 0.243403844782327
307 0.670069542902881
308 1.01609377212412
309 0.192450089729875
310 2.50572482355913
311 0.0699745202710876
312 0.303640409116615
313 0.254381544238302
314 0.535452312731632
315 0.542164339621295
316 1.59569469876447
317 0.162981548680477
318 0.964612053256498
319 0.248744941768783
320 0.140719091409746
321 0.707424822009707
322 0.077534544571943
323 0.560423661819165
324 3.78719567636839
325 1.34164078649987
326 0.568060023387994
327 0.28225180509043
328 0.0911866331165453
329 0.0416548492027095
330 0.172561496472491
331 0.177763599946437
332 0
333 0
334 1.22235631431814
335 0.420084025208404
336 0.242535625036333
337 0.0862413985055506
338 0
339 0
340 0.534522483824849
341 0.613001141534102
342 0.538611666898361
343 0.224110083520142
344 0.773005200551174
345 0.121821090460954
346 1.3694493294973
347 0.632455532033676
348 1.46013067272159e-16
349 0
350 0
351 0.673578226844739
352 0.369153186674492
353 0.464354416303526
354 1.0131076922852
355 1.24555582728418
356 0.522232967867093
357 0.871779788708135
358 0.871779788708135
359 0.727606875108999
360 0
361 0
362 1
363 0.578393227431707
364 0.18491224056754
365 0.0345822462597786
366 0.0268759006350927
367 0.245145119306679
368 0.491971401987073
369 0.203172270435948
370 0.178210254385852
371 0.357660360733182
372 0
373 0
374 0.289074339961602
375 0.215665546406877
376 0.284482113258359
377 0.632854869719049
378 0.408248290463863
379 0.377964473009227
380 2.19745824658858
381 0.147739348751444
382 0.971211187050319
383 0.641123792565851
384 0
385 0
386 0
387 0.0522050986503637
388 0.0445406875248593
389 0.583348651284819
390 0
391 0
392 2.10735125375646
393 0.447213595499958
394 4.810447749675
395 0.174558407109567
396 0.346197250862308
397 0.0644193327259172
398 0.414424821968428
399 0
400 1.76858541864087
401 1.36938693258814
402 1.6258478716873
403 1.17606566526309
404 0.0632573542035182
405 0.170289143171103
406 0.351111050829091
407 1.58683864925414
408 0.333333333333334
409 3.55851487845751
410 0
411 0
412 0
413 0
414 0
415 0
416 0
417 0
418 0
419 0
420 0
421 0
422 0
423 0
424 0
425 0
426 0
427 0
428 0
429 0
430 0
431 0.233680456217541
432 0.233657063978477
433 0
434 0
435 0.34906180004418
436 1.41275804110296
437 0.236567973891545
438 0.721616579989283
439 0.833269013152948
440 0.816389611884744
441 0.191602453272304
442 0.685116165538928
443 0.346357682603087
444 0.248789998321847
445 0.525633392445583
446 0.544832673142294
447 0.529900613659327
448 0.582666119567699
449 0.168478527489717
450 0.462988189866028
451 0
452 0
453 1.78626503661947
454 0.991466423281158
455 0.868359039653379
456 0
457 0
458 2.75145971124166
459 0.243284638264083
460 0.290576353690288
461 0.717627081365516
462 0.541589259835808
463 0.110745491863253
464 0.102712783726788
465 5.7676378213279
466 2.93224485756105
467 0.225847128106887
468 0.211195051007137
469 4.72042412879009
470 0
471 0
472 0.255299313855056
473 1.37080872913661
474 0.150801590963526
475 0.0423955109936878
476 0.338432926912278
477 0
478 0
479 1.53993934537606
480 0.983189032515895
481 0.187046576754819
482 1.28274253507441
483 0
484 0
485 0
486 0
487 0
488 0
489 0
490 0
491 0
492 0
493 0
494 0
495 0
496 0.802534690845401
497 0.102136570180715
498 0.696880730282043
499 0.0950999741491776
500 0.278121230279426
501 0
502 0
503 0
504 0.11105020765053
505 0.173644310142778
506 0.132562845951257
507 0.342134104800994
508 0.126435095878599
509 0
510 0
511 0.156765406041501
512 0.262278786660783
513 0.560553363510213
514 0.560739649461195
515 0.0739870055079555
516 2.25806743722605
517 1.91740945077852
518 0.340664210651745
519 0.0203900826433176
520 0.441479803343017
521 0.551243797321484
522 1.58113883008419
523 2.8217563950757
524 0.860037165888947
525 0.219921546409999
526 0.894802073994311
527 0.328632974866908
528 1.17596960677719
529 0.420084025208403
530 1.59949029678521
531 0.39721352838342
532 0.440670867662472
533 0.149751968293232
534 0.428564269390743
535 0.520827676981515
536 2.46037844862818
537 0.948683298050514
538 1.91116462347937
539 0.487581074549941
540 0.162167121339005
541 0.351634788972599
542 0.153339382859144
543 0
544 0
545 0
546 0
547 0.532090249780099
548 0.801484950333828
549 0.250525959047056
550 0.493372536256449
551 0.646648287641578
552 0.582785601926979
553 0.169789521038269
554 0.112745836419993
555 0.209789662643525
556 0.364510353499334
557 0.0878357917223909
558 0.513981369019992
559 0.133816541914721
560 0.457923052460415
561 0.650988293143215
562 1.02629226916499
563 0.0367119089224585
564 0.302796534321156
565 0.288458899143862
566 0.321575861271378
567 0
568 0
569 0.459763106198331
570 0.114032472823999
571 0.353896106309414
572 0.154518805300128
573 0.155407498705655
574 0.136082117285905
575 0.313346856358412
576 0.13890227087906
577 0
578 0
579 0.524621783113091
580 1.12304096640409
581 0.743672514710991
582 0.25257709328796
583 0.981210993167578
584 0
585 0.809068582835183
586 0.31257002476916
587 0.88788926594598
588 0.72937044549499
589 0.458860025963723
590 0
591 0
592 1.77391459899777
593 1.19840130589402
594 1.12699562784924
595 0.73050812393092
596 0.747446367203068
597 0.489009646921826
598 0.45518166041917
599 0.186053271182167
600 0.248452593233806
601 0.440759226657312
602 0.080932887838819
603 0
604 0
605 0.553604599504046
606 1.0991478896592
607 0.224967052342237
608 0.385266668217973
609 0.0834153862654479
610 0.156735416084022
611 1.70189386988152
612 2.08180214840857
613 0.464000317858973
614 0.879566111121217
615 1.62100972176554
616 0.192642908953705
617 0.831687404361205
618 2.06414694587746
619 0.795629066723492
620 0.814197380153803
621 0.487842266065613
622 0.492056846333548
623 0.846128457851084
624 0.54716999257902
625 4.14918553405598
626 0
627 0
628 0.275725218746365
629 0.473912541801456
630 0.420219195529609
631 1.43403992469474
632 1.42656888088088
633 0.196907634949943
634 1.22741302200096
635 0.182703562416174
636 0.204698876441186
637 0
638 0
639 6.51038794116484
640 1.79678988913111
641 1.0762304661111
642 0.213536886340113
643 2.43977038074418
644 3.07167985785207
645 0.711658522031744
646 2.04098604748991
647 1.12638558549884
648 0.550716985437446
649 0.322704896570499
650 1.046001962489
651 0.28406002163572
652 0.817891076886333
653 0.807721762428538
654 0.992457821447053
655 1.03857462475749
656 0.705488417933361
657 0.470388655118066
658 0.0958041760980208
659 0.5675292888487
660 0.702587446830918
661 0.150535536210664
662 0.607247981402042
663 0.154557080235245
664 0.291920771398241
665 0
666 0
667 1.65203031006618
668 0.0716157537338696
669 0.297015390934526
670 0.280021239451469
671 0.288171451964235
672 0.485445409628269
673 2.06096691144741
674 1.88293817084563
675 0.104548792859254
676 0.0413700252246604
677 0.0999210622211063
678 0.176052159711139
679 2.41174659766948
680 0.235702260395516
681 1.64767349638326
682 0.0664561543468521
683 0.255932581600665
684 0.567760509973762
685 0.599077910476139
686 0.961133019657794
687 1.24414104212977
688 0.330243613653256
689 0.171206522900019
690 1.1622181647455
691 0
692 0
693 0.437742513354093
694 0.319607578760634
695 0.275133241903141
696 1.14087039798704
697 1.0220687600243
698 1.09846989712681
699 0.710396877289493
700 0.428714009594058
701 0.569442310739737
702 1.30740570511463
703 1.82009398777336
704 0.486664263392288
705 0.657738979199052
706 0.565893385890511
707 1.32388628354908
708 0.163580896280613
709 0.239095404424956
710 0.630127061676228
711 3.75499667110372
712 1.46013067272159e-16
713 3.7690882957254
714 0.121648724681348
715 0.252188853593091
716 0.251874781570524
717 1.21917928007153
718 1.3197956762405
719 0.505581752320229
720 0.520959681334577
721 0.271711095553216
722 0
723 0
724 2.6080837682641
725 0
726 0
727 0.152786116217592
728 0.46079612851311
729 0.31855536757714
730 0.625409194389611
731 0.640277807608023
732 1.02122042456001
733 1.03584333775951
734 1.22960596382438
735 0.62107824353398
736 0.188948147180254
737 0.453651148306547
738 0.101129893950642
739 0.831907985286909
740 4.36812598142544
741 1.18321595661992
742 1.18643428129556
743 0.992301425977482
744 0.714062437892919
745 1.09053213982655
746 3.54039839568099
747 0.227940080684358
748 2.12776438264458
749 0.0656068029202683
750 0.0751583070369381
751 0.404689767047747
752 0.945308562642393
753 0.280404720912927
754 0.717976904387792
755 0.0641039775478172
756 2.40442606480715
757 0.897137829552153
758 0.563591845162448
759 0.401145989299829
760 0.65306044685852
761 1.93189712770507
762 1.46806189160079
763 0.81889925993783
764 0.618420520455488
765 0.559361662091083
766 0.322236768822579
767 0.424436393383486
768 0.130389146292027
769 3.73659741931223
770 21.5535340857141
771 1
772 3.61180269874666
773 0.140943791156154