2.695994 -1.90634
102 3.83712484561606
116 5.00310313507036
121 4.07997197795188
123 3.05491317432065
127 4.15502332033787
128 3.278719262151
137 4.09832569468706
139 2.90152814277504
174 3.23577708634355
175 6.38374791734083
261 3.81938709837089
273 4.38349976875152
324 3.78719567636839
394 4.810447749675
409 3.55851487845751
458 2.75145971124166
465 5.76763782132793
466 2.93224485756107
469 4.72042412879009
523 2.8217563950757
625 4.14918553405599
639 6.51038794116484
644 3.07167985785207
711 3.75499667110372
713 3.7690882957254
740 4.36812598142544
746 3.54039839568099
769 3.73659741931223
770 21.5535340857141
772 3.61180269874666
Total Anomalies:  30