184 94
129 87
4 81
114 5
146 81
36 154
40 79
3 69
109 161
125 158
129 16
97 123
81 180
3 0
150 7
104 50
129 156
129 44
36 168
109 164
150 176
107 157
97 102
62 5
42 0
7 97
81 125
109 154
31 76
36 122
13 89
104 81
77 35
62 145
104 127
129 42
36 7
154 161
89 125
170 173
80 156
31 148
3 50
31 34
114 170
129 181
81 156
97 112
36 164
31 20
89 119
36 37
92 60
77 81
72 104
31 43
135 46
81 106
32 7
36 109
44 42
104 160
67 38
146 50
13 129
129 80
74 38
36 91
170 61
135 61
146 106
170 133
79 3
129 83
0 69
79 100
104 180
125 92
81 0
36 49
33 145
158 81
4 127
33 62
129 1
171 36
129 178
109 168
36 28
4 50
146 36
56 68
36 161
150 32
36 11
