184 101
14 74
8 151
129 87
114 5
38 67
40 126
8 90
40 79
3 69
69 100
29 8
69 38
42 77
97 123
161 168
129 156
89 117
129 44
89 175
40 35
28 164
89 101
174 50
36 122
42 174
104 81
152 182
150 160
89 60
62 145
129 42
104 106
156 158
135 125
154 161
161 109
129 9
126 100
129 181
40 77
89 88
0 81
156 125
77 106
102 176
89 119
36 37
161 164
89 135
8 19
72 104
88 53
112 97
89 125
12 103
42 44
71 4
135 72
174 93
129 13
104 160
181 93
176 150
89 92
129 16
22 150
129 80
135 88
104 127
60 117
89 46
69 0
62 33
79 77
69 42
79 3
79 126
129 83
79 100
69 156
33 145
29 12
129 1
106 105
40 100
69 81
129 178
129 40
135 5
117 38
53 50
8 47
89 61
174 81
129 89
79 35
104 180
15 125
154 109
150 32
36 11
