184 103
94 123
5 62
72 56
129 87
137 34
5 81
114 5
125 88
164 109
94 97
127 4
129 16
129 156
112 102
129 44
150 176
3 40
27 106
125 119
72 50
69 67
132 182
143 33
104 81
164 161
168 154
125 60
37 109
164 154
129 42
40 89
125 135
106 81
157 22
72 93
69 38
94 102
145 72
168 109
154 161
164 168
170 173
80 156
27 132
129 9
12 29
5 125
129 181
40 77
125 147
97 112
33 72
150 160
132 37
81 50
160 50
72 104
88 0
50 174
145 81
27 152
104 160
28 105
175 125
91 37
92 81
104 180
129 80
22 160
104 127
135 101
69 0
125 46
125 89
170 61
170 133
69 42
88 156
79 3
125 117
38 117
129 83
181 135
125 92
49 28
33 145
112 123
173 114
91 171
33 62
125 101
83 81
145 62
129 178
129 40
89 129
161 171
125 133
92 88
125 61
4 50
106 50
150 32
