184 96
72 56
73 72
173 5
73 93
123 97
125 88
29 8
125 158
114 5
112 102
114 173
49 28
150 176
123 102
105 106
125 119
72 50
125 81
37 106
109 154
73 106
36 122
0 42
73 36
73 127
12 8
125 60
152 125
123 112
125 135
106 81
161 154
102 97
157 22
72 93
73 81
161 109
69 50
73 4
73 146
132 148
114 170
73 180
109 49
97 112
157 107
73 50
5 33
150 30
81 50
152 158
36 37
160 50
161 164
12 29
72 104
73 56
152 0
123 169
123 24
109 37
107 24
171 150
123 7
125 5
157 24
125 89
29 90
122 56
73 160
69 42
3 79
79 126
0 69
73 68
79 100
35 77
73 104
33 145
161 168
61 89
4 127
33 62
125 101
152 156
0 38
129 40
117 175
109 168
161 171
129 89
4 50
106 50
109 171
36 11
123 107
