184 96
72 56
30 160
73 72
38 67
73 93
123 97
73 180
79 40
150 32
114 5
145 50
89 5
150 176
123 102
107 157
97 102
72 50
97 107
32 97
32 22
7 97
89 147
109 154
73 106
73 36
89 15
104 81
164 161
102 169
156 80
102 107
38 74
164 154
104 127
123 112
106 81
164 109
72 93
73 81
38 60
7 169
145 72
164 168
145 93
73 127
73 4
73 146
173 170
5 125
145 132
171 49
97 112
123 24
73 50
88 81
30 150
12 29
72 104
73 56
89 114
109 37
145 81
88 50
104 160
146 50
103 54
145 4
22 160
145 180
81 5
73 160
102 7
81 160
89 173
145 127
89 118
35 77
73 104
33 145
173 114
4 127
4 72
69 81
145 62
72 106
109 49
97 169
109 168
145 106
4 50
146 36
38 129
104 180
12 54
112 7
109 171
