184 91
8 151
137 34
40 126
125 88
8 90
40 79
94 97
127 4
104 106
150 176
107 157
33 133
125 119
161 105
125 81
40 35
7 97
104 81
40 100
125 60
38 74
164 154
62 145
133 92
178 42
125 135
106 81
145 33
72 93
7 169
154 161
150 157
12 29
173 170
40 77
94 99
72 50
119 135
168 164
118 125
105 28
8 19
176 160
89 125
89 114
109 37
106 152
7 112
104 160
175 125
67 38
91 37
125 5
160 150
150 22
104 127
122 11
125 46
126 79
37 171
125 117
38 117
29 141
104 180
125 92
8 183
173 61
82 18
33 62
125 101
38 14
7 32
94 169
68 164
5 114
109 49
89 129
109 168
68 56
81 77
161 171
125 133
8 47
161 28
125 61
84 158
22 160
106 154
154 109
150 32
109 171
