184 100
72 56
173 5
40 126
125 88
8 90
40 79
109 161
83 9
33 106
89 117
101 98
173 61
4 71
109 164
150 176
27 106
125 119
72 50
89 175
40 35
7 97
89 101
109 154
72 122
89 60
125 60
102 107
104 72
3 126
49 36
125 135
106 81
161 154
102 97
145 33
157 22
72 93
7 107
117 60
7 169
145 72
157 24
126 42
27 132
12 29
120 39
125 147
89 88
157 107
89 119
81 50
83 178
118 125
3 77
102 169
3 156
3 83
1 42
109 37
145 81
27 152
3 178
175 125
125 5
150 22
145 180
89 46
77 40
125 46
125 89
101 5
125 117
84 158
63 31
81 132
125 92
150 160
173 114
120 63
82 18
4 127
125 101
40 100
7 102
83 81
145 62
109 49
109 168
125 133
89 61
125 61
145 106
4 50
49 171
33 81
56 68
3 9
72 37
150 32
109 171
