184 75
94 123
176 102
62 33
100 3
62 180
100 79
68 56
38 117
109 37
29 54
40 126
62 145
156 1
40 100
106 33
81 77
104 180
88 53
104 106
40 79
89 125
125 135
29 8
35 77
156 42
12 103
145 33
150 160
123 176
29 12
133 175
7 112
89 117
150 32
125 101
123 150
94 102
104 160
150 176
123 102
94 150
105 28
160 176
100 126
89 129
150 157
89 175
37 106
16 87
89 135
32 157
135 119
89 92
61 125
89 61
40 35
40 77
106 81
150 22
145 106
89 101
89 88
15 92
88 35
104 127
145 81
125 119
89 46
94 176
150 102
104 81
7 169
97 112
89 60
89 119
