184 73
81 50
62 33
109 168
117 129
114 5
4 36
7 169
38 117
106 146
164 154
32 22
72 145
106 93
8 90
40 79
7 102
109 161
106 37
125 135
171 37
161 154
97 123
161 168
107 97
7 112
158 48
81 93
89 40
125 101
107 123
81 146
106 5
114 173
49 28
32 150
49 106
91 171
109 164
150 176
117 60
6 52
129 40
125 119
40 126
89 129
150 157
91 37
11 36
97 169
161 171
32 157
182 152
49 114
122 152
40 35
102 176
40 77
125 61
150 22
97 112
7 97
109 154
38 129
81 106
176 97
127 4
161 164
106 154
107 24
40 100
180 81
150 160
161 105
