184 78
5 62
62 33
106 50
145 72
171 105
104 106
125 60
38 117
109 37
40 126
173 61
104 180
114 173
8 90
40 79
125 92
125 135
96 53
28 171
106 81
56 68
125 175
97 123
132 81
145 33
176 150
5 125
29 12
107 97
8 29
106 180
129 13
33 106
72 93
150 32
125 101
40 100
125 46
89 16
83 81
7 32
154 161
164 168
154 164
170 173
104 160
145 62
40 35
114 49
125 117
3 40
109 49
125 119
97 102
146 81
109 168
107 157
125 133
129 89
171 106
40 77
125 61
154 168
48 158
97 112
150 22
109 154
33 81
104 127
170 114
5 148
178 83
104 81
135 171
109 171
161 168
150 160
11 122
