184 77
176 102
73 160
109 168
8 151
5 81
73 72
62 33
105 28
109 37
107 32
157 97
109 49
176 160
109 164
89 46
154 168
50 104
73 56
40 79
109 161
125 92
132 20
73 180
35 77
132 37
73 104
33 145
14 38
109 28
107 97
89 101
73 81
4 146
132 34
135 125
37 34
114 5
40 100
114 173
16 80
7 32
73 68
31 43
129 13
170 173
89 125
150 176
107 157
3 40
73 50
135 5
89 117
73 4
89 175
73 146
40 77
89 135
89 92
89 61
40 35
73 93
120 39
40 126
31 34
31 120
89 88
109 154
73 106
6 148
16 181
73 36
73 127
107 24
170 61
150 32
88 0
109 171
