184 106
94 123
117 89
106 69
104 152
107 32
40 126
106 128
8 90
40 79
104 68
83 9
104 106
20 75
104 22
150 176
107 157
3 40
104 146
125 81
40 35
104 81
89 60
71 160
20 148
62 145
176 32
79 83
7 32
83 148
83 126
106 81
161 154
106 52
104 150
77 126
20 132
106 156
106 5
9 100
161 109
106 82
176 22
79 178
56 36
104 4
171 49
40 77
83 15
62 72
106 88
77 106
102 176
89 119
83 178
161 164
154 168
106 158
89 125
109 37
61 46
104 36
83 48
104 160
36 81
106 20
83 77
160 150
150 22
104 127
104 72
20 6
157 24
16 89
106 125
94 24
79 77
83 156
79 3
79 126
0 69
106 84
79 100
104 180
106 132
35 77
33 145
83 5
161 168
33 62
40 100
83 92
83 81
176 157
109 49
104 93
109 168
160 157
104 56
129 89
79 35
150 32
35 48
154 109
106 3
22 160
109 171
