184 71
26 111
113 168
145 139
99 76
62 64
64 111
3 77
157 160
161 164
145 162
113 154
62 145
157 32
64 113
175 115
62 57
61 175
62 166
157 166
21 64
12 90
145 64
62 162
37 10
157 22
106 152
161 168
162 157
162 57
57 111
61 46
32 94
111 113
90 47
154 59
57 81
154 161
21 59
98 139
106 50
154 168
61 117
150 176
166 131
162 64
145 58
64 144
75 15
62 147
150 97
12 29
113 164
64 156
49 114
57 26
61 92
61 125
102 157
57 95
150 22
62 157
61 139
32 102
64 139
174 96
145 57
113 161
122 144
113 144
98 164
98 154
