184 92
123 97
137 34
104 171
16 87
134 182
106 128
132 84
94 97
132 37
104 106
33 50
150 169
104 125
104 50
33 106
161 29
112 102
150 176
104 84
106 20
104 0
104 81
92 89
161 84
106 36
134 18
106 0
106 81
33 37
161 154
16 91
106 5
104 88
82 15
106 82
79 178
27 31
132 148
106 124
171 106
94 99
104 128
33 132
106 88
161 164
104 20
104 82
106 37
158 122
112 123
112 97
104 36
134 40
106 109
161 91
132 20
161 52
104 132
106 168
104 33
132 50
161 132
182 132
122 11
132 3
106 125
133 35
104 5
106 158
33 36
132 36
106 84
104 124
161 182
106 132
161 37
49 74
104 158
29 12
154 164
161 20
94 169
161 49
117 38
107 157
104 37
92 88
182 152
106 50
88 89
16 74
122 36
