184 108
40 3
104 109
104 34
8 151
104 171
104 53
106 128
104 87
89 13
104 106
158 61
15 92
104 168
104 125
104 50
89 40
104 3
82 18
104 84
106 20
104 60
89 158
104 0
104 19
104 156
104 81
152 182
164 161
168 154
104 100
106 36
8 54
164 154
134 18
104 29
106 0
106 81
104 54
16 91
47 8
104 178
106 5
104 88
106 171
106 82
104 126
182 82
104 38
12 29
106 124
104 79
79 81
104 128
104 42
106 88
104 61
15 82
104 48
104 18
104 14
104 1
104 20
8 19
104 82
104 39
106 37
106 152
104 135
104 92
104 36
134 40
104 117
132 20
89 92
104 132
104 46
104 151
182 132
122 11
106 125
104 5
106 158
79 3
79 126
104 148
104 105
106 84
106 33
104 124
79 100
104 15
106 132
8 183
104 158
104 83
122 158
122 106
182 20
104 183
104 31
89 129
107 157
104 37
106 182
79 35
104 63
106 50
104 47
