184 84
81 50
47 54
106 158
131 118
119 92
54 12
106 45
106 5
25 140
21 163
160 81
133 57
81 150
106 55
106 0
81 26
81 146
78 124
66 73
32 166
5 49
177 160
104 106
81 66
5 25
95 45
54 103
162 57
81 93
77 126
32 94
8 91
21 114
106 156
177 97
106 81
81 22
106 95
98 125
168 109
49 28
164 168
104 65
139 92
119 125
5 114
81 65
164 59
26 66
81 162
164 113
81 56
81 3
93 66
114 49
106 139
21 159
95 81
32 157
56 122
50 106
159 28
127 93
57 62
81 73
32 123
164 154
133 166
104 81
106 77
168 64
106 83
106 172
104 127
127 81
32 102
95 52
177 22
16 89
131 92
162 62
164 161
162 145
106 20
