184 79
168 64
37 10
81 45
21 64
166 102
57 50
81 55
59 179
38 117
145 162
40 126
62 145
0 69
81 172
162 66
168 113
62 57
56 68
5 98
40 79
62 166
57 144
162 146
69 38
106 48
166 94
127 106
21 159
154 164
57 37
91 8
98 69
57 162
57 92
127 65
62 144
81 69
139 113
168 109
57 81
154 161
162 50
57 145
37 113
69 172
57 147
5 114
162 93
162 106
57 26
0 38
98 77
55 21
10 64
81 77
0 67
81 95
150 176
91 64
49 5
168 35
57 139
168 77
81 156
10 113
81 125
81 139
57 106
57 64
57 125
168 161
95 106
162 81
122 113
166 123
38 140
57 157
168 154
168 164
