184 132
31 6
160 32
16 87
81 53
81 58
40 79
81 9
81 63
81 75
49 98
81 88
95 45
91 8
81 48
137 76
49 114
81 136
57 81
57 95
81 20
81 1
0 67
81 46
57 106
40 35
95 8
40 126
81 125
81 139
31 76
106 65
81 178
54 90
62 145
81 155
81 2
81 92
81 39
161 154
137 99
81 52
81 74
81 118
161 109
77 126
81 69
81 8
88 125
106 71
81 29
81 95
0 74
81 55
137 6
115 158
106 4
16 48
40 77
81 156
144 162
160 102
162 145
5 49
81 45
81 124
81 138
161 113
161 164
81 172
31 85
81 101
81 61
81 128
60 129
81 78
81 17
81 175
160 97
81 83
81 38
106 177
49 167
81 96
81 117
37 111
154 113
91 37
81 15
81 165
57 62
81 142
57 156
81 147
57 145
81 31
81 181
77 167
0 69
81 44
106 50
81 115
158 0
81 85
57 5
81 0
81 158
161 168
81 163
162 57
81 87
81 100
40 100
77 79
81 105
81 135
49 64
81 126
81 148
0 38
81 153
31 99
81 77
81 16
81 174
81 82
160 22
81 42
56 68
28 21
81 131
62 144
106 3
