184 80
94 123
135 131
125 60
123 97
125 119
88 119
8 151
166 43
166 124
166 75
166 31
125 117
166 20
8 19
106 158
106 84
125 88
106 128
90 103
4 66
62 57
106 114
106 82
106 36
94 97
62 26
166 148
106 132
150 160
90 8
106 0
166 33
166 63
33 145
50 81
125 133
135 101
106 52
82 18
166 76
106 156
94 102
106 5
97 150
35 3
166 84
125 92
123 102
107 157
125 131
88 46
62 81
62 106
97 102
106 20
8 47
125 175
166 15
160 66
150 176
133 131
125 135
166 39
125 61
8 12
106 77
150 22
109 154
62 145
166 85
125 101
176 97
106 88
166 34
94 176
125 46
106 125
106 3
12 54
166 120
