184 78
135 131
93 160
93 114
93 61
77 35
93 158
4 146
93 52
93 127
145 72
93 117
93 33
93 130
93 77
93 56
50 146
90 103
93 178
93 68
93 4
93 6
93 150
93 60
93 82
93 72
93 41
93 20
97 123
33 145
50 81
50 26
93 129
135 101
93 152
93 14
135 125
33 62
93 5
72 132
93 81
93 156
93 50
93 125
93 40
132 133
93 106
109 164
93 3
145 62
93 85
93 128
150 176
93 182
135 5
93 0
93 35
93 89
93 132
107 157
93 101
33 11
93 146
93 88
11 62
36 72
93 26
93 84
93 31
93 18
93 133
93 22
90 8
93 119
88 11
93 131
4 50
71 72
90 12
