184 75
73 26
31 6
14 74
73 4
125 60
88 156
73 72
73 160
106 146
62 11
73 93
73 36
14 0
73 68
125 131
69 106
73 56
31 85
120 63
31 76
125 92
62 26
115 38
81 106
28 170
145 33
14 38
107 97
73 81
69 81
73 88
145 62
125 101
27 182
73 71
76 85
28 49
26 81
125 5
109 161
73 150
109 164
125 88
73 22
150 176
114 49
125 117
125 46
62 81
62 106
72 50
109 168
73 146
125 175
125 133
114 170
125 38
11 36
14 69
120 39
33 62
97 112
109 154
62 72
125 135
73 106
90 8
125 119
73 145
69 0
73 127
73 50
73 152
125 61
107 102
