184 74
62 33
8 151
37 171
88 81
114 5
38 74
125 60
38 117
62 72
38 67
62 145
11 145
125 88
125 131
132 84
8 90
125 92
62 26
115 156
106 4
106 81
115 125
11 72
125 175
125 5
24 123
106 152
170 49
8 47
76 43
132 52
125 101
27 182
115 117
76 85
125 38
114 173
115 9
107 157
132 120
38 69
129 13
76 31
28 105
150 176
125 117
77 4
115 175
62 81
62 106
38 129
72 50
37 91
81 77
132 20
132 148
125 133
115 158
125 135
115 38
132 124
11 36
125 61
120 39
35 77
8 19
115 46
170 114
125 119
77 0
125 46
132 63
38 14
170 28
