184 76
31 6
125 119
62 5
8 151
168 171
125 60
81 84
62 72
62 11
77 81
8 19
125 88
125 131
120 182
16 83
31 85
62 88
81 132
168 132
109 161
125 92
62 26
81 106
81 0
97 123
81 158
33 145
125 5
81 88
33 106
77 126
135 125
33 62
125 101
27 182
76 85
81 69
145 72
107 157
129 13
109 164
145 62
150 176
81 20
125 117
125 46
33 72
135 5
109 168
62 147
62 50
8 90
125 133
8 47
125 38
132 106
168 35
168 77
125 61
81 156
27 120
81 125
97 112
109 154
62 81
71 50
31 76
62 106
81 182
77 0
15 82
107 24
175 125
52 81
168 154
115 53
