184 83
73 160
32 160
73 68
170 49
102 107
5 81
73 72
62 33
62 72
73 93
8 19
125 88
131 125
125 117
125 119
73 56
73 146
8 90
5 125
73 106
125 92
125 135
131 118
62 145
12 141
28 170
102 97
97 123
132 81
33 145
16 83
11 56
15 92
32 107
15 125
173 114
73 81
135 81
77 126
33 11
102 112
27 182
73 26
125 46
102 169
168 171
77 79
5 114
150 176
173 5
102 123
135 62
135 5
97 169
73 4
125 60
12 29
97 32
125 175
125 133
8 47
133 131
125 38
128 118
168 35
168 77
125 61
125 147
145 106
125 101
97 112
34 137
73 50
125 128
170 114
125 118
8 151
73 36
73 127
16 89
107 157
97 176
131 147
