184 95
89 42
89 80
123 97
8 151
5 81
73 72
73 93
8 90
89 83
114 5
73 26
114 173
109 164
123 102
107 157
160 50
89 1
62 5
56 32
97 30
32 22
11 36
123 112
73 36
73 127
89 181
102 169
102 107
89 16
62 145
89 87
73 106
115 125
161 154
145 33
89 44
73 81
160 72
145 72
97 150
56 36
115 175
62 81
73 4
73 146
5 125
115 158
32 150
120 39
97 112
5 173
102 24
73 50
97 169
81 50
32 160
115 38
62 33
154 168
8 19
5 26
73 56
62 26
81 106
11 56
89 9
115 9
97 22
129 13
62 106
5 88
32 157
22 150
89 178
157 24
73 160
29 128
62 72
73 68
89 156
129 117
115 156
154 164
82 18
115 117
129 40
114 49
109 168
97 32
62 50
8 47
115 46
129 38
97 102
154 109
