184 73
125 60
79 77
123 22
137 34
79 3
38 129
38 74
125 117
105 28
38 0
77 81
62 145
123 97
125 88
125 131
79 100
173 61
3 100
40 79
125 92
152 71
81 106
109 37
79 126
125 5
15 92
29 12
83 89
72 93
154 164
170 61
125 133
135 125
125 101
38 69
40 100
106 127
114 173
16 80
129 13
168 171
119 125
5 114
125 46
152 106
135 5
38 117
61 131
72 145
16 87
125 175
173 170
135 119
114 170
125 38
40 35
61 125
40 77
129 89
40 126
79 35
37 11
62 72
157 32
22 160
27 182
26 81
4 50
135 92
154 109
38 14
22 32
72 50
