184 87
8 151
73 72
3 52
73 93
106 122
106 128
8 90
40 79
145 11
73 81
73 26
150 176
107 157
97 102
123 107
37 91
56 32
32 22
40 35
40 126
8 12
99 94
73 106
5 148
73 36
73 127
5 106
8 54
62 145
106 0
106 81
145 33
106 52
106 156
145 72
28 49
106 82
73 4
73 146
135 119
32 150
120 39
106 77
62 72
106 88
135 92
119 88
62 33
77 81
8 19
102 22
73 56
3 100
123 24
132 81
106 114
106 152
8 29
24 94
168 171
28 105
102 32
132 20
92 81
150 22
77 40
106 125
73 160
106 158
29 128
62 11
106 84
73 68
106 132
29 12
154 164
145 36
40 100
16 80
5 114
73 50
135 5
8 47
56 68
106 3
12 54
106 20
