184 124
73 72
73 93
90 103
12 54
106 9
109 161
97 123
73 88
73 81
145 50
49 114
109 164
150 176
107 157
125 119
97 102
106 20
92 71
125 38
125 81
40 35
40 126
109 154
73 106
73 36
73 127
73 71
106 92
125 60
90 54
145 72
62 145
106 0
125 135
106 81
106 42
145 33
32 107
72 93
106 52
106 156
106 5
88 125
145 93
170 173
62 81
73 4
73 146
170 61
132 106
40 77
120 39
125 147
157 169
106 77
62 72
125 128
125 118
106 88
145 26
73 152
97 169
176 102
32 160
62 33
125 131
73 56
132 128
62 26
106 48
145 81
129 13
73 150
125 117
62 106
38 117
103 54
125 175
32 157
125 5
120 17
106 83
37 143
73 145
125 46
56 11
97 112
29 141
73 26
73 160
106 158
106 173
106 125
29 128
106 84
73 68
56 68
62 135
125 92
106 126
29 12
28 49
73 22
125 101
40 100
106 100
88 92
83 81
5 114
182 14
73 50
106 148
109 168
24 97
62 50
125 133
125 61
145 106
40 79
49 171
38 129
120 132
106 3
22 160
