184 73
31 6
123 97
5 106
125 60
114 5
62 33
105 28
176 150
40 126
169 112
80 16
117 133
125 88
125 131
31 85
40 79
77 1
94 97
132 84
107 157
161 154
125 175
50 4
125 5
31 76
161 109
132 148
131 133
125 101
40 100
125 38
114 173
117 15
168 109
169 97
129 13
94 169
145 62
125 92
123 102
125 117
0 38
3 50
125 135
161 164
168 171
12 29
40 77
132 20
123 169
125 133
114 170
49 114
40 35
132 124
11 36
125 61
120 39
17 39
120 17
22 160
109 154
99 94
168 154
123 112
168 161
125 119
132 182
38 117
125 46
170 61
12 54
168 164
