184 100
73 72
73 93
125 88
79 83
40 79
77 1
94 97
156 125
152 67
107 97
114 5
73 81
73 26
36 106
4 106
109 164
114 49
107 157
125 119
125 38
125 81
40 35
40 126
8 12
157 160
73 106
73 36
73 127
32 97
168 154
125 60
62 145
176 32
28 49
125 135
156 158
61 147
157 22
91 49
72 93
107 123
106 5
168 109
170 173
176 22
73 4
73 146
40 77
97 112
62 72
73 50
102 176
168 164
62 33
105 28
12 29
125 131
73 56
169 32
168 161
125 77
79 9
33 11
91 171
168 171
36 81
176 150
135 62
160 176
125 175
125 5
160 150
22 150
125 46
170 61
73 160
79 77
72 33
79 126
125 117
79 100
73 68
72 145
93 6
125 92
73 104
33 145
154 164
125 101
40 100
28 171
176 157
107 24
129 40
68 56
125 133
125 61
152 60
170 114
4 77
