184 84
131 158
5 62
125 60
72 160
131 38
131 118
175 131
5 83
5 81
123 102
160 50
5 88
62 11
40 126
8 19
123 97
131 156
125 88
125 131
79 100
131 135
131 53
62 135
8 90
40 79
131 35
125 92
175 117
8 151
81 106
131 100
33 145
125 5
112 97
1 153
175 61
79 3
50 127
114 170
33 62
114 173
40 100
131 117
106 5
5 135
131 44
125 117
168 171
5 114
131 98
114 49
107 157
131 40
77 126
33 72
125 119
131 92
131 147
131 61
12 29
81 77
125 175
125 133
8 47
131 5
131 88
40 35
175 133
40 77
125 61
120 39
125 101
90 29
131 129
34 20
125 135
56 68
123 112
85 31
131 60
131 119
3 106
131 46
131 101
