184 86
112 176
114 5
73 93
125 88
90 103
40 79
94 97
132 37
97 123
150 72
89 40
133 119
90 47
114 173
127 72
49 5
90 151
150 176
114 49
107 157
3 40
125 119
62 5
125 81
40 35
40 126
85 31
89 181
112 150
60 125
62 145
176 32
175 101
125 135
106 81
170 173
115 158
114 170
132 106
40 77
120 39
94 99
97 112
62 72
90 8
114 61
73 50
129 158
81 50
152 158
77 81
125 131
168 161
125 133
90 19
168 171
28 105
125 175
125 5
4 106
127 93
60 117
69 0
170 61
62 33
112 169
125 117
62 135
125 92
127 50
73 104
4 127
125 101
40 100
60 61
94 169
135 5
89 129
24 107
24 157
125 61
145 106
4 50
56 68
129 115
154 109
