184 78
62 33
112 176
8 151
112 169
38 129
125 131
77 81
125 60
16 87
62 72
164 154
8 19
176 32
32 7
125 88
49 173
125 117
56 93
176 22
8 90
40 79
94 97
62 26
32 56
11 171
106 81
168 161
97 123
132 81
50 81
125 133
32 107
32 169
32 94
4 127
44 9
114 173
27 182
40 100
145 72
28 49
154 161
13 129
168 171
5 114
125 92
114 49
107 157
3 40
176 150
135 62
125 119
40 126
44 83
68 56
125 175
125 5
8 47
125 61
32 97
94 107
40 35
171 49
40 77
56 50
120 39
112 150
117 118
97 112
22 150
62 145
125 135
125 101
38 117
49 5
154 109
106 3
106 4
