184 90
8 151
173 5
40 126
125 88
175 115
8 90
40 79
164 109
127 4
15 92
33 106
49 28
49 5
68 111
150 176
68 122
125 119
62 5
69 67
32 22
40 35
173 49
69 14
123 112
164 161
125 60
150 112
164 154
62 145
0 87
125 135
1 153
106 81
157 22
36 171
68 21
126 77
145 72
154 161
164 168
56 36
126 42
32 150
40 77
68 37
157 107
69 38
68 171
81 50
32 160
36 37
77 81
8 19
125 131
68 11
112 97
125 48
168 171
28 105
150 97
125 175
32 157
125 5
150 22
69 0
62 33
69 42
6 75
125 117
62 135
125 92
33 145
173 114
173 61
125 101
40 100
182 20
68 7
88 92
117 38
125 133
8 47
61 92
69 74
125 61
4 50
33 81
56 68
154 109
36 11
