184 117
135 175
8 151
4 36
40 126
125 88
8 90
114 33
94 97
42 77
97 123
27 182
71 3
114 173
52 182
158 44
40 129
4 82
77 79
114 49
3 40
125 119
105 28
42 0
32 22
40 35
125 101
94 176
77 35
60 125
169 99
164 154
62 145
28 49
40 89
161 154
77 100
164 109
40 79
77 126
135 125
145 72
168 109
164 168
161 109
176 22
135 119
158 77
40 77
120 39
77 3
97 112
62 72
125 118
135 92
5 62
32 160
36 37
161 164
77 81
8 19
125 131
135 46
81 106
126 98
32 7
125 133
61 46
42 69
152 72
36 171
135 62
91 37
125 175
125 5
13 129
125 147
135 88
158 125
135 101
122 11
135 61
62 33
83 156
112 169
89 156
118 147
125 92
135 117
158 0
4 81
33 145
158 156
161 168
91 171
4 127
118 128
135 98
40 100
169 97
83 81
5 114
125 171
17 120
135 5
82 81
68 56
117 173
8 47
160 22
125 61
117 125
176 97
129 38
71 81
16 174
154 109
36 11
