184 92
89 80
160 32
4 146
73 72
73 93
8 90
40 79
4 93
94 97
97 123
20 75
15 92
72 146
56 22
27 182
154 164
73 26
97 102
72 50
32 22
92 125
73 106
176 123
94 176
73 36
73 127
15 148
20 148
151 8
62 145
106 81
72 93
73 81
32 169
20 132
106 72
106 5
3 106
73 4
73 146
120 39
97 112
182 37
157 107
73 50
5 62
151 90
88 81
62 33
105 28
73 56
157 150
168 161
79 9
11 56
33 11
151 19
89 1
168 171
94 93
176 150
32 56
20 6
4 50
106 77
73 160
79 77
79 3
79 126
73 68
72 145
18 8
73 104
33 145
42 50
158 81
173 114
173 61
4 127
5 114
125 171
32 11
135 5
68 56
24 97
56 160
160 22
42 81
79 35
176 97
154 109
151 47
