184 97
94 123
160 32
8 151
4 146
112 150
33 72
106 122
8 90
40 79
28 5
106 4
125 158
157 150
101 61
157 176
117 115
114 173
3 40
101 175
72 50
62 5
40 35
40 126
112 99
17 39
154 171
135 171
164 161
22 32
5 106
62 145
101 117
40 89
101 46
88 135
102 97
157 22
135 125
106 72
101 135
28 49
161 109
173 170
40 77
120 39
160 56
62 72
157 107
0 81
114 61
15 82
176 102
106 146
77 81
8 19
5 26
9 44
132 81
112 97
33 11
129 13
28 105
176 150
33 71
37 11
74 38
60 117
69 0
42 156
62 33
102 157
88 156
15 5
33 26
4 81
33 145
17 63
29 12
15 18
4 127
9 83
40 100
83 81
5 114
17 120
135 5
109 168
68 56
88 0
8 47
160 22
106 81
4 50
106 50
71 81
154 109
112 7
