184 103
123 97
4 146
73 72
182 48
73 93
125 88
152 89
114 125
114 5
154 164
73 26
112 102
114 173
109 164
123 102
125 119
105 28
11 36
157 72
112 99
54 90
123 112
73 36
73 127
168 154
125 60
5 92
40 89
73 106
125 135
182 81
81 118
73 81
20 132
145 72
28 49
109 161
152 81
5 83
73 4
73 146
173 170
152 106
158 77
97 112
114 46
33 132
16 1
6 20
114 61
54 103
73 50
168 164
24 112
161 164
12 29
54 8
125 131
73 56
42 106
168 161
12 103
132 81
33 11
129 13
168 171
152 48
176 150
125 175
125 5
182 152
4 106
158 125
182 132
94 24
73 160
75 132
147 81
125 117
73 68
125 92
158 0
73 104
33 145
79 156
158 156
158 81
173 61
4 127
33 62
125 101
16 80
145 62
129 40
109 168
68 56
125 133
152 146
73 77
125 61
129 115
154 109
12 54
