184 75
125 60
104 152
83 156
8 151
125 158
0 14
33 36
33 27
125 117
161 164
117 61
132 20
8 19
84 124
33 132
125 88
104 156
81 132
125 92
125 135
40 13
156 158
33 37
81 106
104 182
161 154
183 8
158 104
112 97
89 13
29 12
8 47
8 54
132 148
161 29
89 40
33 62
125 101
161 20
7 169
112 102
134 40
40 129
129 13
161 91
161 49
104 84
104 81
89 129
117 38
156 81
16 87
33 171
128 125
161 52
156 152
125 81
125 156
125 61
161 182
0 38
156 182
161 132
157 107
123 112
161 37
84 39
156 84
161 84
81 158
156 0
125 46
132 158
134 101
12 8
