184 76
81 50
5 62
11 106
123 97
8 151
79 3
129 48
104 106
114 173
33 145
62 11
40 126
8 19
56 68
8 90
40 79
123 112
94 97
62 26
1 153
93 72
168 161
127 112
114 125
157 22
146 93
107 97
125 77
4 146
11 56
11 146
33 11
33 62
104 26
40 100
145 72
16 80
168 109
13 129
94 169
168 28
5 114
150 176
123 102
107 157
109 49
11 81
168 171
146 50
81 77
24 157
8 47
49 114
125 81
40 35
28 164
40 77
106 81
157 97
94 99
79 35
104 160
114 46
109 154
62 145
104 127
119 135
176 97
114 61
62 72
16 181
49 5
104 81
150 32
36 11
109 171
