184 80
89 42
5 62
102 169
79 77
35 48
102 157
3 77
102 107
4 146
114 5
145 72
77 48
109 37
40 126
109 49
72 56
160 93
8 90
89 156
89 87
97 123
71 122
49 28
6 148
168 161
3 100
89 83
145 33
89 44
5 125
72 93
158 48
40 79
0 38
89 40
79 126
62 33
40 100
89 16
8 47
171 36
28 171
77 4
114 173
145 62
168 35
56 36
158 171
176 22
105 28
97 102
72 50
109 168
117 38
40 77
171 146
107 157
56 11
154 168
160 150
40 35
168 77
120 39
8 12
89 178
79 35
97 112
171 37
125 0
56 68
6 20
154 171
89 9
89 80
107 24
89 181
154 109
109 171
150 32
89 1
