184 100
123 97
114 5
152 46
152 150
152 31
152 137
152 93
152 67
152 56
152 105
152 115
123 102
152 77
62 5
152 53
49 114
40 35
152 40
40 126
123 112
152 182
40 100
152 74
152 63
152 50
164 154
62 145
152 84
152 9
161 154
164 109
40 79
161 109
145 72
164 168
152 81
152 6
152 44
152 106
145 132
152 148
40 77
152 3
145 26
152 160
81 50
152 158
77 44
152 26
161 164
152 88
152 75
152 0
152 126
81 106
152 38
152 155
152 100
152 129
44 42
152 85
145 81
152 72
152 61
168 171
152 48
36 81
152 35
152 20
152 69
152 99
152 120
145 50
62 33
152 92
152 17
152 79
152 4
62 11
152 174
152 42
33 145
152 89
161 168
152 76
152 127
152 52
152 39
152 156
146 152
83 81
152 101
150 176
68 56
152 73
152 124
145 106
145 93
152 36
97 102
