184 102
73 72
73 93
105 48
132 84
8 90
40 79
94 97
97 107
127 4
97 123
73 26
114 173
127 72
77 4
77 79
150 176
107 157
127 93
97 102
62 5
56 32
49 114
40 35
40 126
127 160
34 20
73 106
132 182
73 36
73 127
97 157
5 106
106 36
77 35
132 146
62 145
28 114
156 158
106 81
161 154
77 100
73 81
77 126
145 72
168 109
161 109
34 75
56 36
73 4
73 146
40 77
120 39
77 3
173 46
62 72
127 26
127 81
73 50
168 164
176 102
161 164
77 81
73 56
127 106
97 24
156 81
106 152
168 161
106 48
112 97
169 157
168 171
28 105
127 56
62 147
34 6
120 17
127 68
94 99
73 160
127 146
107 22
73 68
106 50
62 135
106 132
127 50
33 145
154 98
154 164
33 62
40 100
150 152
127 36
94 169
5 114
97 169
154 109
24 157
34 148
56 68
24 107
